1753351491159 0.84838 0
1753351494927 0.69398 1
1753351498640 0.81884 2
1753351502334 0.89337 3
1753351506017 0.89006 4
1753351509670 0.87543 5
1753351513318 0.82412 6
1753351517097 0.90526 7
1753351520745 0.90232 8
1753351524388 0.93484 9
1753351528012 0.92083 10
1753351532124 0.88883 11
1753351536256 0.93232 12
1753351540189 0.92646 13
1753351543833 0.89926 14
1753351547483 0.92443 15
1753351551119 0.92047 16
1753351554779 0.92629 17
1753351558463 0.93259 18
1753351562224 0.90843 19
1753351565890 0.90382 20
1753351569549 0.90372 21
1753351573181 0.91096 22
1753351576836 0.90673 23
1753351580485 0.90262 24
1753351584180 0.9121 25
1753351587830 0.9048 26
1753351591802 0.92933 27
1753351595579 0.93419 28
1753351599362 0.89701 29
1753351603133 0.90574 30
1753351606766 0.92603 31
1753351610416 0.91264 32
1753351614084 0.91378 33
