1753351491159 0.52211 0
1753351494927 0.37181 1
1753351498640 0.5069 2
1753351502334 0.55613 3
1753351506017 0.56474 4
1753351509670 0.56661 5
1753351513318 0.52598 6
1753351517097 0.59268 7
1753351520745 0.60896 8
1753351524388 0.63327 9
1753351528012 0.60856 10
1753351532124 0.62118 11
1753351536256 0.6447 12
1753351540189 0.62301 13
1753351543833 0.58105 14
1753351547483 0.6392 15
1753351551119 0.63415 16
1753351554779 0.65222 17
1753351558463 0.66875 18
1753351562224 0.65146 19
1753351565890 0.66363 20
1753351569549 0.64752 21
1753351573181 0.65533 22
1753351576836 0.6461 23
1753351580485 0.65895 24
1753351584180 0.65242 25
1753351587830 0.66573 26
1753351591802 0.65732 27
1753351595579 0.66 28
1753351599362 0.65137 29
1753351603133 0.6719 30
1753351606766 0.6834 31
1753351610416 0.6722 32
1753351614084 0.68339 33
