1753351491159 0.81951 0
1753351494927 0.64541 1
1753351498640 0.79599 2
1753351502334 0.81499 3
1753351506017 0.78949 4
1753351509670 0.83008 5
1753351513318 0.81371 6
1753351517097 0.86876 7
1753351520745 0.87832 8
1753351524388 0.88382 9
1753351528012 0.87625 10
1753351532124 0.89301 11
1753351536256 0.8876 12
1753351540189 0.88943 13
1753351543833 0.87861 14
1753351547483 0.89101 15
1753351551119 0.90883 16
1753351554779 0.90165 17
1753351558463 0.90566 18
1753351562224 0.89915 19
1753351565890 0.89422 20
1753351569549 0.91083 21
1753351573181 0.90083 22
1753351576836 0.89558 23
1753351580485 0.906 24
1753351584180 0.89589 25
1753351587830 0.89513 26
1753351591802 0.90151 27
1753351595579 0.90551 28
1753351599362 0.90682 29
1753351603133 0.91153 30
1753351606766 0.90053 31
1753351610416 0.90621 32
1753351614084 0.90076 33
