1753351491159 0.89089 0
1753351494927 0.75949 1
1753351498640 0.75316 2
1753351502334 0.90506 3
1753351506017 0.92575 4
1753351509670 0.87975 5
1753351513318 0.80171 6
1753351517097 0.96835 7
1753351520745 0.96203 8
1753351524388 0.96291 9
1753351528012 0.9557 10
1753351532124 0.98101 11
1753351536256 0.98101 12
1753351540189 0.93671 13
1753351543833 0.97468 14
1753351547483 0.98101 15
1753351551119 0.98101 16
1753351554779 0.98734 17
1753351558463 0.98734 18
1753351562224 0.98101 19
1753351565890 0.98734 20
1753351569549 0.98734 21
1753351573181 0.97735 22
1753351576836 0.97713 23
1753351580485 0.96203 24
1753351584180 0.98038 25
1753351587830 0.97242 26
1753351591802 0.98734 27
1753351595579 0.98734 28
1753351599362 0.98734 29
1753351603133 0.98734 30
1753351606766 0.98734 31
1753351610416 0.98734 32
1753351614084 0.98734 33
