1753349636456 6.000000000000001e-05 0
1753349636794 0.000137228 1
1753349637117 0.000211288 2
1753349637439 0.00028218 3
1753349637762 0.000349904 4
1753349638074 0.00041446 5
1753349638394 0.00047584799999999996 6
1753349638711 0.0005340680000000001 7
1753349639025 0.00058912 8
1753349639353 0.0006410040000000001 9
1753349639685 0.0006897200000000001 10
1753349640009 0.0007352680000000001 11
1753349640320 0.000777648 12
1753349640648 0.0008168600000000001 13
1753349640972 0.000852904 14
1753349641288 0.00088578 15
1753349641611 0.0009154879999999999 16
1753349641924 0.0009420279999999998 17
1753349642246 0.0009654000000000002 18
1753349642570 0.000985604 19
1753349642891 0.0010026400000000002 20
1753349643209 0.0010165080000000002 21
1753349643528 0.0010272080000000002 22
1753349643845 0.0010347400000000001 23
1753349644163 0.0010391040000000001 24
1753349644483 0.00101 25
1753349644809 0.0009704 26
1753349645113 0.0009308 27
1753349645452 0.0008911999999999999 28
1753349645759 0.0008516000000000001 29
1753349646090 0.0008120000000000001 30
1753349646408 0.0007724 31
1753349646733 0.0007328 32
1753349647039 0.0006931999999999999 33
1753349647365 0.0006536 34
1753349647679 0.0006140000000000001 35
1753349647996 0.0005744000000000001 36
1753349648304 0.0005348000000000001 37
1753349648615 0.0004952 38
1753349648953 0.00045559999999999996 39
1753349651218 0.0004159999999999999 40
1753349651574 0.00037640000000000015 41
1753349651886 0.0003368000000000001 42
1753349652189 0.0002972 43
1753349652497 0.00025760000000000003 44
1753349652797 0.00021799999999999996 45
1753349653109 0.00017839999999999992 46
1753349653400 0.0001388000000000001 47
1753349653706 9.920000000000008e-05 48
1753349654016 5.9600000000000046e-05 49
