1753349636456 1.54517 0
1753349636794 1.43934 1
1753349637117 1.34775 2
1753349637439 1.27296 3
1753349637762 1.22639 4
1753349638074 1.10512 5
1753349638394 1.15771 6
1753349638711 0.90908 7
1753349639025 1.02078 8
1753349639353 1.06328 9
1753349639685 0.97738 10
1753349640009 1.03684 11
1753349640320 1.26115 12
1753349640648 1.22703 13
1753349640972 1.0438 14
1753349641288 1.03875 15
1753349641611 1.02822 16
1753349641924 0.95498 17
1753349642246 1.0866 18
1753349642570 0.90124 19
1753349642891 1.06994 20
1753349643209 1.14239 21
1753349643528 1.18901 22
1753349643845 1.12317 23
1753349644163 0.97877 24
1753349644483 0.98117 25
1753349644809 0.98907 26
1753349645113 1.01219 27
1753349645452 0.9948 28
1753349645759 1.00983 29
1753349646090 1.26807 30
1753349646408 0.96449 31
1753349646733 1.13998 32
1753349647039 0.97284 33
1753349647365 1.09612 34
1753349647679 0.98857 35
1753349647996 1.11568 36
1753349648304 0.91853 37
1753349648615 0.97025 38
1753349648953 0.84392 39
1753349651218 1.04074 40
1753349651574 0.81242 41
1753349651886 0.87468 42
1753349652189 0.6873 43
1753349652497 0.76646 44
1753349652797 0.80858 45
1753349653109 0.75797 46
1753349653400 0.55411 47
1753349653706 0.81383 48
1753349654016 0.83306 49
