1753349636456 4.75539 0
1753349636794 5.04204 1
1753349637117 4.68249 2
1753349637439 4.15903 3
1753349637762 3.36578 4
1753349638074 3.26526 5
1753349638394 2.50322 6
1753349638711 2.41935 7
1753349639025 2.44329 8
1753349639353 2.595 9
1753349639685 2.38987 10
1753349640009 2.28412 11
1753349640320 2.49162 12
1753349640648 3.13393 13
1753349640972 2.56531 14
1753349641288 2.47826 15
1753349641611 2.50239 16
1753349641924 2.82034 17
1753349642246 2.5655 18
1753349642570 2.93889 19
1753349642891 2.57225 20
1753349643209 2.60149 21
1753349643528 2.49708 22
1753349643845 2.99769 23
1753349644163 2.42464 24
1753349644483 2.15432 25
1753349644809 2.30819 26
1753349645113 2.09854 27
1753349645452 2.26676 28
1753349645759 2.2343 29
1753349646090 2.38373 30
1753349646408 2.17904 31
1753349646733 2.52374 32
1753349647039 1.95998 33
1753349647365 2.1497 34
1753349647679 1.82207 35
1753349647996 2.26297 36
1753349648304 2.07265 37
1753349648615 2.3047 38
1753349648953 1.71433 39
1753349651218 3.60106 40
1753349651574 2.93854 41
1753349651886 2.47153 42
1753349652189 2.49271 43
1753349652497 2.81556 44
1753349652797 2.55023 45
1753349653109 2.52563 46
1753349653400 7.63088 47
1753349653706 2.50896 48
1753349654016 2.82567 49
