1753349636456 1.46762 0
1753349636794 1.39004 1
1753349637117 1.42742 2
1753349637439 1.25669 3
1753349637762 1.2036 4
1753349638074 1.09696 5
1753349638394 1.11312 6
1753349638711 1.00133 7
1753349639025 1.02901 8
1753349639353 1.03299 9
1753349639685 0.97502 10
1753349640009 0.98642 11
1753349640320 1.23592 12
1753349640648 1.23959 13
1753349640972 1.04064 14
1753349641288 1.07754 15
1753349641611 1.09329 16
1753349641924 1.05186 17
1753349642246 1.16959 18
1753349642570 1.02149 19
1753349642891 1.09584 20
1753349643209 1.09883 21
1753349643528 1.17054 22
1753349643845 1.03123 23
1753349644163 0.99221 24
1753349644483 1.05724 25
1753349644809 1.12873 26
1753349645113 1.02898 27
1753349645452 1.09255 28
1753349645759 1.05731 29
1753349646090 1.16776 30
1753349646408 1.02824 31
1753349646733 1.18116 32
1753349647039 1.03745 33
1753349647365 1.15882 34
1753349647679 1.10269 35
1753349647996 1.17248 36
1753349648304 1.00549 37
1753349648615 1.09212 38
1753349648953 0.95639 39
1753349651218 1.05031 40
1753349651574 1.02248 41
1753349651886 0.97984 42
1753349652189 0.92734 43
1753349652497 0.97394 44
1753349652797 0.96539 45
1753349653109 0.9564 46
1753349653400 0.70737 47
1753349653706 0.99392 48
1753349654016 1.00286 49
