1753351490370 1.25063 0
1753351494201 1.23972 1
1753351497923 1.29428 2
1753351501621 1.25104 3
1753351505309 1.25688 4
1753351508976 1.20326 5
1753351512621 1.23893 6
1753351516298 1.22409 7
1753351520058 1.14976 8
1753351523710 1.2001 9
1753351527343 1.1389 10
1753351531324 1.15114 11
1753351535483 1.10661 12
1753351539521 1.13098 13
1753351543166 1.08565 14
1753351546818 1.1233 15
1753351550459 1.06974 16
1753351554116 1.09433 17
1753351557783 1.05906 18
1753351561543 1.06536 19
1753351565224 1.03471 20
1753351568884 1.04031 21
1753351572509 1.07588 22
1753351576169 1.02851 23
1753351579831 1.04781 24
1753351583510 0.98099 25
1753351587170 1.01871 26
1753351591126 0.99685 27
1753351594909 1.01858 28
1753351598691 0.97587 29
1753351602424 1.01789 30
1753351606102 1.01259 31
1753351609753 0.97222 32
1753351613425 1.01129 33
