1753351490370 2.36631 0
1753351494201 1.71039 1
1753351497923 1.51423 2
1753351501621 1.29784 3
1753351505309 1.16754 4
1753351508976 1.01847 5
1753351512621 0.98319 6
1753351516298 0.90607 7
1753351520058 0.88848 8
1753351523710 0.86572 9
1753351527343 0.824 10
1753351531324 0.79706 11
1753351535483 0.78671 12
1753351539521 0.74371 13
1753351543166 0.75729 14
1753351546818 0.76213 15
1753351550459 0.70999 16
1753351554116 0.72204 17
1753351557783 0.6854 18
1753351561543 0.70975 19
1753351565224 0.67854 20
1753351568884 0.68404 21
1753351572509 0.67137 22
1753351576169 0.6519 23
1753351579831 0.66244 24
1753351583510 0.6301 25
1753351587170 0.65213 26
1753351591126 0.6558 27
1753351594909 0.64258 28
1753351598691 0.60582 29
1753351602424 0.6347 30
1753351606102 0.6284 31
1753351609753 0.59879 32
1753351613425 0.62587 33
