1753351490370 1.19332 0
1753351494201 1.19386 1
1753351497923 1.23439 2
1753351501621 1.21881 3
1753351505309 1.23151 4
1753351508976 1.20609 5
1753351512621 1.24755 6
1753351516298 1.23396 7
1753351520058 1.2158 8
1753351523710 1.2291 9
1753351527343 1.18561 10
1753351531324 1.19001 11
1753351535483 1.19178 12
1753351539521 1.18753 13
1753351543166 1.16287 14
1753351546818 1.18758 15
1753351550459 1.1515 16
1753351554116 1.1688 17
1753351557783 1.17766 18
1753351561543 1.15618 19
1753351565224 1.15079 20
1753351568884 1.13993 21
1753351572509 1.16387 22
1753351576169 1.138 23
1753351579831 1.1683 24
1753351583510 1.1276 25
1753351587170 1.148 26
1753351591126 1.12962 27
1753351594909 1.15197 28
1753351598691 1.11282 29
1753351602424 1.14412 30
1753351606102 1.14582 31
1753351609753 1.13352 32
1753351613425 1.14879 33
