1753351490370 0.0006578947368421052 0
1753351494201 0.0012983350877192983 1
1753351497923 0.0019123754385964912 2
1753351501621 0.0018812 3
1753351505309 0.0018416 4
1753351508976 0.001802 5
1753351512621 0.0017624 6
1753351516298 0.0017228 7
1753351520058 0.0016832000000000001 8
1753351523710 0.0016436000000000003 9
1753351527343 0.0016040000000000002 10
1753351531324 0.0015644 11
1753351535483 0.0015248 12
1753351539521 0.0014852 13
1753351543166 0.0014456 14
1753351546818 0.001406 15
1753351550459 0.0013663999999999998 16
1753351554116 0.0013267999999999997 17
1753351557783 0.0012872 18
1753351561543 0.0012476 19
1753351565224 0.001208 20
1753351568884 0.0011684000000000002 21
1753351572509 0.0011288000000000001 22
1753351576169 0.0010892000000000002 23
1753351579831 0.0010496000000000001 24
1753351583510 0.00101 25
1753351587170 0.0009704 26
1753351591126 0.0009308 27
1753351594909 0.0008911999999999999 28
1753351598691 0.0008516000000000001 29
1753351602424 0.0008120000000000001 30
1753351606102 0.0007724 31
1753351609753 0.0007328 32
1753351613425 0.0006931999999999999 33
